[1,1,3,1,1]
[1,1,5,1,1]

[[1],[2,3,4]]
[[1],4]

[9]
[[8,7,6]]

[[4,4],4,4]
[[4,4],4,4,4]

[7,7,7,7]
[7,7,7]

[]
[3]

[[[]]]
[[]]

[1,[2,[3,[4,[5,6,7]]]],8,9]
[1,[2,[3,[4,[5,6,0]]]],8,9]

[[[1]],1]
[[1],2]

[[[1]],2]
[[1],1]

[[8,[[7]]]]
[[[[8]]]]

[[1,2],4]
[[1],5,5]

[[1,2],4]
[[[3]],5,5]

[[[[6,10,2,9,8],9],[[9,7,6],4,[2,10,5],[]],8,4,[[7,1,8],[0],[5]]]]
[[8,[2,[2],8,[]]],[[3,[10,0,8,3,9]]],[[4],[],[[7,6,8,10],3,[7,6],[0,8]]]]

[[3,[7],[0],7]]
[[5,2]]

[[],[1,[3,[0]]],[]]
[[],[[0,[5,3,0,1,0],[3,0,5,7],10,[2,8,5,0]],10,[2,4,[1],[5,6,7],[]],[]]]

[]
[]

[[]]
[[]]

[[],[8,5,[[0,10],2]]]
[[7,[[1,0,0],[8,6,6,5,7],[3,6,2,5,5],2,8]],[[4,[0,0,5,0,8],6,[]],[3,[8],1,3]],[4,7,[],0]]

[[[1],2,3,4,5]]
[[1,2,3,4,5]]